P_reflectance
0.000065950682
0.000067513691
0.000067825387
0.000070927240
0.000071259411
0.000075925998
0.000077080880
0.000080874719
0.000081334218
0.000083271414
0.000094498662
0.000095080560
0.000095457330
0.000095729101
0.000096449271
0.000096731393
0.000098364621
0.000103442779
0.000110336503
0.000122643442
0.000132245348
0.000134264032
0.000135677817
0.000136782839
0.000137383816
0.000147055106
0.000159137075
0.000175888438
0.000196856056
0.000230956340
0.000244593130
0.000262874961
0.000266896277
0.000269810733
0.000279106812
0.000284215271
0.000286128005
0.000396904771
0.000535160234
